{
 "cells": [
  {
   "cell_type": "code",
   "execution_count": 2,
   "metadata": {},
   "outputs": [],
   "source": [
    "#Import packages\n",
    "import pandas as pd\n",
    "import matplotlib.pyplot as plt\n",
    "import numpy as np\n"
   ]
  },
  {
   "cell_type": "code",
   "execution_count": 3,
   "metadata": {},
   "outputs": [],
   "source": [
    "#Dataset 'All the news' available on Kaggle (https://www.kaggle.com/snapcrack/all-the-news)\n",
    "#Import file\n",
    "\n",
    "df = pd.read_csv('articles1.csv')"
   ]
  },
  {
   "cell_type": "code",
   "execution_count": 4,
   "metadata": {
    "scrolled": true
   },
   "outputs": [
    {
     "data": {
      "text/html": [
       "<div>\n",
       "<style scoped>\n",
       "    .dataframe tbody tr th:only-of-type {\n",
       "        vertical-align: middle;\n",
       "    }\n",
       "\n",
       "    .dataframe tbody tr th {\n",
       "        vertical-align: top;\n",
       "    }\n",
       "\n",
       "    .dataframe thead th {\n",
       "        text-align: right;\n",
       "    }\n",
       "</style>\n",
       "<table border=\"1\" class=\"dataframe\">\n",
       "  <thead>\n",
       "    <tr style=\"text-align: right;\">\n",
       "      <th></th>\n",
       "      <th>Unnamed: 0</th>\n",
       "      <th>id</th>\n",
       "      <th>title</th>\n",
       "      <th>publication</th>\n",
       "      <th>author</th>\n",
       "      <th>date</th>\n",
       "      <th>year</th>\n",
       "      <th>month</th>\n",
       "      <th>url</th>\n",
       "      <th>content</th>\n",
       "    </tr>\n",
       "  </thead>\n",
       "  <tbody>\n",
       "    <tr>\n",
       "      <th>0</th>\n",
       "      <td>0</td>\n",
       "      <td>17283</td>\n",
       "      <td>House Republicans Fret About Winning Their Hea...</td>\n",
       "      <td>New York Times</td>\n",
       "      <td>Carl Hulse</td>\n",
       "      <td>2016-12-31</td>\n",
       "      <td>2016.0</td>\n",
       "      <td>12.0</td>\n",
       "      <td>NaN</td>\n",
       "      <td>WASHINGTON  —   Congressional Republicans have...</td>\n",
       "    </tr>\n",
       "    <tr>\n",
       "      <th>1</th>\n",
       "      <td>1</td>\n",
       "      <td>17284</td>\n",
       "      <td>Rift Between Officers and Residents as Killing...</td>\n",
       "      <td>New York Times</td>\n",
       "      <td>Benjamin Mueller and Al Baker</td>\n",
       "      <td>2017-06-19</td>\n",
       "      <td>2017.0</td>\n",
       "      <td>6.0</td>\n",
       "      <td>NaN</td>\n",
       "      <td>After the bullet shells get counted, the blood...</td>\n",
       "    </tr>\n",
       "    <tr>\n",
       "      <th>2</th>\n",
       "      <td>2</td>\n",
       "      <td>17285</td>\n",
       "      <td>Tyrus Wong, ‘Bambi’ Artist Thwarted by Racial ...</td>\n",
       "      <td>New York Times</td>\n",
       "      <td>Margalit Fox</td>\n",
       "      <td>2017-01-06</td>\n",
       "      <td>2017.0</td>\n",
       "      <td>1.0</td>\n",
       "      <td>NaN</td>\n",
       "      <td>When Walt Disney’s “Bambi” opened in 1942, cri...</td>\n",
       "    </tr>\n",
       "    <tr>\n",
       "      <th>3</th>\n",
       "      <td>3</td>\n",
       "      <td>17286</td>\n",
       "      <td>Among Deaths in 2016, a Heavy Toll in Pop Musi...</td>\n",
       "      <td>New York Times</td>\n",
       "      <td>William McDonald</td>\n",
       "      <td>2017-04-10</td>\n",
       "      <td>2017.0</td>\n",
       "      <td>4.0</td>\n",
       "      <td>NaN</td>\n",
       "      <td>Death may be the great equalizer, but it isn’t...</td>\n",
       "    </tr>\n",
       "    <tr>\n",
       "      <th>4</th>\n",
       "      <td>4</td>\n",
       "      <td>17287</td>\n",
       "      <td>Kim Jong-un Says North Korea Is Preparing to T...</td>\n",
       "      <td>New York Times</td>\n",
       "      <td>Choe Sang-Hun</td>\n",
       "      <td>2017-01-02</td>\n",
       "      <td>2017.0</td>\n",
       "      <td>1.0</td>\n",
       "      <td>NaN</td>\n",
       "      <td>SEOUL, South Korea  —   North Korea’s leader, ...</td>\n",
       "    </tr>\n",
       "  </tbody>\n",
       "</table>\n",
       "</div>"
      ],
      "text/plain": [
       "   Unnamed: 0     id                                              title  \\\n",
       "0           0  17283  House Republicans Fret About Winning Their Hea...   \n",
       "1           1  17284  Rift Between Officers and Residents as Killing...   \n",
       "2           2  17285  Tyrus Wong, ‘Bambi’ Artist Thwarted by Racial ...   \n",
       "3           3  17286  Among Deaths in 2016, a Heavy Toll in Pop Musi...   \n",
       "4           4  17287  Kim Jong-un Says North Korea Is Preparing to T...   \n",
       "\n",
       "      publication                         author        date    year  month  \\\n",
       "0  New York Times                     Carl Hulse  2016-12-31  2016.0   12.0   \n",
       "1  New York Times  Benjamin Mueller and Al Baker  2017-06-19  2017.0    6.0   \n",
       "2  New York Times                   Margalit Fox  2017-01-06  2017.0    1.0   \n",
       "3  New York Times               William McDonald  2017-04-10  2017.0    4.0   \n",
       "4  New York Times                  Choe Sang-Hun  2017-01-02  2017.0    1.0   \n",
       "\n",
       "   url                                            content  \n",
       "0  NaN  WASHINGTON  —   Congressional Republicans have...  \n",
       "1  NaN  After the bullet shells get counted, the blood...  \n",
       "2  NaN  When Walt Disney’s “Bambi” opened in 1942, cri...  \n",
       "3  NaN  Death may be the great equalizer, but it isn’t...  \n",
       "4  NaN  SEOUL, South Korea  —   North Korea’s leader, ...  "
      ]
     },
     "execution_count": 4,
     "metadata": {},
     "output_type": "execute_result"
    }
   ],
   "source": [
    "#Basic Exploratory analysis\n",
    "df.head()"
   ]
  },
  {
   "cell_type": "code",
   "execution_count": 11,
   "metadata": {},
   "outputs": [
    {
     "data": {
      "text/plain": [
       "Unnamed: 0         0\n",
       "id                 0\n",
       "title              0\n",
       "publication        0\n",
       "author          6306\n",
       "date               0\n",
       "year               0\n",
       "month              0\n",
       "url            50000\n",
       "content            0\n",
       "dtype: int64"
      ]
     },
     "execution_count": 11,
     "metadata": {},
     "output_type": "execute_result"
    }
   ],
   "source": [
    "df.isna().sum()"
   ]
  },
  {
   "cell_type": "code",
   "execution_count": 12,
   "metadata": {},
   "outputs": [
    {
     "data": {
      "text/html": [
       "<div>\n",
       "<style scoped>\n",
       "    .dataframe tbody tr th:only-of-type {\n",
       "        vertical-align: middle;\n",
       "    }\n",
       "\n",
       "    .dataframe tbody tr th {\n",
       "        vertical-align: top;\n",
       "    }\n",
       "\n",
       "    .dataframe thead th {\n",
       "        text-align: right;\n",
       "    }\n",
       "</style>\n",
       "<table border=\"1\" class=\"dataframe\">\n",
       "  <thead>\n",
       "    <tr style=\"text-align: right;\">\n",
       "      <th></th>\n",
       "      <th>Unnamed: 0</th>\n",
       "      <th>id</th>\n",
       "      <th>year</th>\n",
       "      <th>month</th>\n",
       "      <th>url</th>\n",
       "    </tr>\n",
       "  </thead>\n",
       "  <tbody>\n",
       "    <tr>\n",
       "      <th>count</th>\n",
       "      <td>50000.000000</td>\n",
       "      <td>50000.000000</td>\n",
       "      <td>50000.000000</td>\n",
       "      <td>50000.000000</td>\n",
       "      <td>0.0</td>\n",
       "    </tr>\n",
       "    <tr>\n",
       "      <th>mean</th>\n",
       "      <td>25694.378380</td>\n",
       "      <td>44432.454800</td>\n",
       "      <td>2016.273700</td>\n",
       "      <td>5.508940</td>\n",
       "      <td>NaN</td>\n",
       "    </tr>\n",
       "    <tr>\n",
       "      <th>std</th>\n",
       "      <td>15350.143677</td>\n",
       "      <td>15773.615179</td>\n",
       "      <td>0.634694</td>\n",
       "      <td>3.333062</td>\n",
       "      <td>NaN</td>\n",
       "    </tr>\n",
       "    <tr>\n",
       "      <th>min</th>\n",
       "      <td>0.000000</td>\n",
       "      <td>17283.000000</td>\n",
       "      <td>2011.000000</td>\n",
       "      <td>1.000000</td>\n",
       "      <td>NaN</td>\n",
       "    </tr>\n",
       "    <tr>\n",
       "      <th>25%</th>\n",
       "      <td>12500.750000</td>\n",
       "      <td>31236.750000</td>\n",
       "      <td>2016.000000</td>\n",
       "      <td>3.000000</td>\n",
       "      <td>NaN</td>\n",
       "    </tr>\n",
       "    <tr>\n",
       "      <th>50%</th>\n",
       "      <td>25004.500000</td>\n",
       "      <td>43757.500000</td>\n",
       "      <td>2016.000000</td>\n",
       "      <td>5.000000</td>\n",
       "      <td>NaN</td>\n",
       "    </tr>\n",
       "    <tr>\n",
       "      <th>75%</th>\n",
       "      <td>38630.250000</td>\n",
       "      <td>57479.250000</td>\n",
       "      <td>2017.000000</td>\n",
       "      <td>8.000000</td>\n",
       "      <td>NaN</td>\n",
       "    </tr>\n",
       "    <tr>\n",
       "      <th>max</th>\n",
       "      <td>53291.000000</td>\n",
       "      <td>73469.000000</td>\n",
       "      <td>2017.000000</td>\n",
       "      <td>12.000000</td>\n",
       "      <td>NaN</td>\n",
       "    </tr>\n",
       "  </tbody>\n",
       "</table>\n",
       "</div>"
      ],
      "text/plain": [
       "         Unnamed: 0            id          year         month  url\n",
       "count  50000.000000  50000.000000  50000.000000  50000.000000  0.0\n",
       "mean   25694.378380  44432.454800   2016.273700      5.508940  NaN\n",
       "std    15350.143677  15773.615179      0.634694      3.333062  NaN\n",
       "min        0.000000  17283.000000   2011.000000      1.000000  NaN\n",
       "25%    12500.750000  31236.750000   2016.000000      3.000000  NaN\n",
       "50%    25004.500000  43757.500000   2016.000000      5.000000  NaN\n",
       "75%    38630.250000  57479.250000   2017.000000      8.000000  NaN\n",
       "max    53291.000000  73469.000000   2017.000000     12.000000  NaN"
      ]
     },
     "execution_count": 12,
     "metadata": {},
     "output_type": "execute_result"
    }
   ],
   "source": [
    "df.describe()"
   ]
  },
  {
   "cell_type": "code",
   "execution_count": 13,
   "metadata": {},
   "outputs": [],
   "source": [
    "#Let's select one article to test the model\n",
    "article = 1810"
   ]
  },
  {
   "cell_type": "code",
   "execution_count": 22,
   "metadata": {},
   "outputs": [],
   "source": [
    "#Get the article content\n",
    "text = df.loc[article]['content']"
   ]
  },
  {
   "cell_type": "code",
   "execution_count": 25,
   "metadata": {},
   "outputs": [
    {
     "data": {
      "text/plain": [
       "'If your definition of a fine writing instrument is a plastic ballpoint with a smiling tooth and your dentist’s address printed along its side, then a visit to the Fountain Pen Hospital in Lower Manhattan might be revelatory. In its quiet interior, away from the bustle of Broadway, you can browse and try any of the thousands of fountain, rollerball or   ballpoint pens behind its glass cases. That includes a classic fountain pen like the $935 Montblanc Meisterstück, with an elegant gold nib and a piston ink filler inside its black barrel. Or collector bait like the   Krone, which, at $3, 920, features a portrait of Benjamin Franklin and, in its cap, a piece of one of his lightning rods. Or you can try the $55 Parker IM that writes so fluidly and precisely it seems capable of elevating not just your penmanship but also the thoughts you put on the page. James Hutchinson, a salesman known as Jimmy at the store, described a fountain pen’s effect: “It slows you down. It makes you think about what you’re writing. ” The Fountain Pen Hospital represents a bygone idea in an age of instant communication, but it still draws people from across New York City to its storefront at 10 Warren Street. Terry and Steve Wiederlight, who are brothers and the current owners, have watched the business established by their grandfather and father in 1946 ebb and flow through the industry’s sea changes. After ballpoints hit the mass market in the 1950s, the store expanded to all manner of office supplies. When big chains like Staples began to swallow up that business in the ’90s, the Wiederlights returned to their roots, selling and repairing pens from 40 brands, including Aurora, Dupont and Waterman, as well as vintage finds. Most of their business is now through online sales, but they are among the last fountain pen sellers in the city that do repairs and carry replacement parts and ink. They remain a destination for pen connoisseurs. On a recent Thursday morning, a gentleman came looking for a refill for his Caran d’Ache ballpoint. A doctor from Montreal bought a rollerball with a skeleton on it to delight his students back home. Daniel Boggiano popped over from his office in the Woolworth Building to pick up four vintage pens the store had repaired. His wife had inherited them from a   who clearly had impeccable taste. “They have a tremendous sentimental value to my wife,” he said, though the pens have little monetary worth. Mr. Boggiano’s tastes run more modern  —   he likes an   Benchmade or a vanishing point fountain pen  —   so he asked a salesman, Marvin Kujawski, to show him how to replace the ink in a marbled green,   fountain pen Mr. Kujawski had identified as a Parker Challenger from the late ’30s. “Very simple,” said Mr. Kujawski, 62, who has worked at the store for 23 years. “You press the button down, you put it in the ink and let it go. ” His partner behind the counter that day was Marilyn Brown, 83, who had owned a competitor to this store, Arthur Brown  Brother in Manhattan. She closed it almost four years ago because its monthly rent had become exorbitant, she said. But Ms. Brown said retirement didn’t much suit her. “I called Terry and said, ‘How would you like a part timer? ’” To attract the younger generations, Ms. Brown contends, stores like this one must convey the message that a pen is also a mark of style. When a person at a meeting “unscrews the top of a fountain pen,” she said, “everyone looks to see what he’s doing that puts him one step above. ”'"
      ]
     },
     "execution_count": 25,
     "metadata": {},
     "output_type": "execute_result"
    }
   ],
   "source": [
    "text"
   ]
  },
  {
   "cell_type": "code",
   "execution_count": 26,
   "metadata": {},
   "outputs": [
    {
     "name": "stderr",
     "output_type": "stream",
     "text": [
      "[nltk_data] Downloading package punkt to\n",
      "[nltk_data]     C:\\Users\\doug1\\AppData\\Roaming\\nltk_data...\n",
      "[nltk_data]   Package punkt is already up-to-date!\n"
     ]
    },
    {
     "data": {
      "text/plain": [
       "True"
      ]
     },
     "execution_count": 26,
     "metadata": {},
     "output_type": "execute_result"
    }
   ],
   "source": [
    "import nltk\n",
    "nltk.download('punkt')"
   ]
  },
  {
   "cell_type": "code",
   "execution_count": 27,
   "metadata": {},
   "outputs": [],
   "source": [
    "#Split text into sentences\n",
    "from nltk.tokenize import sent_tokenize\n",
    "sentences  = (sent_tokenize(text))\n"
   ]
  },
  {
   "cell_type": "code",
   "execution_count": 28,
   "metadata": {},
   "outputs": [],
   "source": [
    "# Convert Text to lower case\n",
    "clean_sentences = [frase.lower() for frase in sentences]\n"
   ]
  },
  {
   "cell_type": "code",
   "execution_count": 30,
   "metadata": {},
   "outputs": [],
   "source": [
    "# remove punctuations, numbers and special characters using regex \n",
    "clean_sentences = pd.Series(clean_sentences).str.replace(\"[^a-zA-Z]\", \" \")"
   ]
  },
  {
   "cell_type": "code",
   "execution_count": 34,
   "metadata": {},
   "outputs": [
    {
     "data": {
      "text/plain": [
       "0     if your definition of a fine writing instrumen...\n",
       "1     in its quiet interior  away from the bustle of...\n",
       "2     that includes a classic fountain pen like the ...\n",
       "3     or collector bait like the   krone  which  at ...\n",
       "4     or you can try the     parker im that writes s...\n",
       "5     james hutchinson  a salesman known as jimmy at...\n",
       "6         it makes you think about what you re writing \n",
       "7       the fountain pen hospital represents a bygon...\n",
       "8     terry and steve wiederlight  who are brothers ...\n",
       "9     after ballpoints hit the mass market in the   ...\n",
       "10    when big chains like staples began to swallow ...\n",
       "11    most of their business is now through online s...\n",
       "12      they remain a destination for pen connoisseurs \n",
       "13    on a recent thursday morning  a gentleman came...\n",
       "14    a doctor from montreal bought a rollerball wit...\n",
       "15    daniel boggiano popped over from his office in...\n",
       "16    his wife had inherited them from a   who clear...\n",
       "17     they have a tremendous sentimental value to m...\n",
       "18    mr  boggiano s tastes run more modern      he ...\n",
       "19     very simple   said mr  kujawski      who has ...\n",
       "20     you press the button down  you put it in the ...\n",
       "21      his partner behind the counter that day was ...\n",
       "22    she closed it almost four years ago because it...\n",
       "23    but ms  brown said retirement didn t much suit...\n",
       "24     i called terry and said   how would you like ...\n",
       "25       to attract the younger generations  ms  bro...\n",
       "26    when a person at a meeting  unscrews the top o...\n",
       "27                                                     \n",
       "dtype: object"
      ]
     },
     "execution_count": 34,
     "metadata": {},
     "output_type": "execute_result"
    }
   ],
   "source": [
    "\n",
    "clean_sentences"
   ]
  },
  {
   "cell_type": "code",
   "execution_count": 35,
   "metadata": {},
   "outputs": [],
   "source": [
    "#Remove white space\n",
    "clean_sentences = clean_sentences.str.strip()\n"
   ]
  },
  {
   "cell_type": "code",
   "execution_count": 36,
   "metadata": {},
   "outputs": [
    {
     "name": "stderr",
     "output_type": "stream",
     "text": [
      "[nltk_data] Downloading package stopwords to\n",
      "[nltk_data]     C:\\Users\\doug1\\AppData\\Roaming\\nltk_data...\n",
      "[nltk_data]   Package stopwords is already up-to-date!\n"
     ]
    },
    {
     "data": {
      "text/plain": [
       "True"
      ]
     },
     "execution_count": 36,
     "metadata": {},
     "output_type": "execute_result"
    }
   ],
   "source": [
    "#Remove stop words\n",
    "nltk.download('stopwords')"
   ]
  },
  {
   "cell_type": "code",
   "execution_count": 38,
   "metadata": {},
   "outputs": [],
   "source": [
    "from nltk.corpus import stopwords\n",
    "stop_words = stopwords.words('english')"
   ]
  },
  {
   "cell_type": "code",
   "execution_count": 39,
   "metadata": {},
   "outputs": [
    {
     "data": {
      "text/plain": [
       "['i', 'me', 'my', 'myself', 'we', 'our', 'ours', 'ourselves', 'you', \"you're\"]"
      ]
     },
     "execution_count": 39,
     "metadata": {},
     "output_type": "execute_result"
    }
   ],
   "source": [
    "#Check Stop Words details\n",
    "stop_words[:10]"
   ]
  },
  {
   "cell_type": "code",
   "execution_count": 42,
   "metadata": {},
   "outputs": [],
   "source": [
    "# function to remove stopwords\n",
    "def remove_stopwords(s):\n",
    "    clean_s = \" \".join([i for i in s if i not in stop_words])\n",
    "    return clean_s"
   ]
  },
  {
   "cell_type": "code",
   "execution_count": 43,
   "metadata": {},
   "outputs": [],
   "source": [
    "# remove stopwords from the sentences\n",
    "clean_sentences = [remove_stopwords(r.split()) for r in clean_sentences]"
   ]
  },
  {
   "cell_type": "code",
   "execution_count": 44,
   "metadata": {},
   "outputs": [
    {
     "data": {
      "text/plain": [
       "['definition fine writing instrument plastic ballpoint smiling tooth dentist address printed along side visit fountain pen hospital lower manhattan might revelatory',\n",
       " 'quiet interior away bustle broadway browse try thousands fountain rollerball ballpoint pens behind glass cases',\n",
       " 'includes classic fountain pen like montblanc meisterst ck elegant gold nib piston ink filler inside black barrel',\n",
       " 'collector bait like krone features portrait benjamin franklin cap piece one lightning rods',\n",
       " 'try parker im writes fluidly precisely seems capable elevating penmanship also thoughts put page',\n",
       " 'james hutchinson salesman known jimmy store described fountain pen effect slows',\n",
       " 'makes think writing',\n",
       " 'fountain pen hospital represents bygone idea age instant communication still draws people across new york city storefront warren street',\n",
       " 'terry steve wiederlight brothers current owners watched business established grandfather father ebb flow industry sea changes',\n",
       " 'ballpoints hit mass market store expanded manner office supplies']"
      ]
     },
     "execution_count": 44,
     "metadata": {},
     "output_type": "execute_result"
    }
   ],
   "source": [
    "clean_sentences[:10]"
   ]
  },
  {
   "cell_type": "code",
   "execution_count": 45,
   "metadata": {},
   "outputs": [
    {
     "name": "stdout",
     "output_type": "stream",
     "text": [
      "28\n"
     ]
    }
   ],
   "source": [
    "print(len(clean_sentences))\n"
   ]
  },
  {
   "cell_type": "code",
   "execution_count": 59,
   "metadata": {},
   "outputs": [],
   "source": [
    "# Word embeddings\n",
    "#I'm using pre trained word vectors created using Glove(https://nlp.stanford.edu/projects/glove/)\n",
    "\n",
    "word_embeddings = {}\n",
    "f = open('glove.6B.300d.txt', encoding='utf-8')\n",
    "for line in f:\n",
    "    values = line.split()\n",
    "    word = values[0]\n",
    "    w_vectors = np.asarray(values[1:], dtype='float32')\n",
    "    word_embeddings[word] = w_vectors\n",
    "f.close()"
   ]
  },
  {
   "cell_type": "code",
   "execution_count": 53,
   "metadata": {},
   "outputs": [
    {
     "name": "stdout",
     "output_type": "stream",
     "text": [
      "Similarity Score of house and house 0.99999994\n",
      "Similarity Score of house and houses 0.7099165\n",
      "Similarity Score of house and home 0.66091734\n",
      "Similarity Score of house and shirt 0.33760405\n"
     ]
    }
   ],
   "source": [
    "from sklearn.metrics.pairwise import cosine_similarity\n",
    "\n",
    "#Testing different pre trained Word Vectors to check for inconsistencies and/or opportunities\n",
    "#I will run the cell above using differente files each time and test on the same set of words\n",
    "\n",
    "#results for glove.6B.50d.txt \n",
    "\n",
    "print(\"Similarity Score of house and house\", cosine_similarity(word_embeddings['house'].reshape(1, -1), word_embeddings['house'].reshape(1,-1))[0][0])\n",
    "print(\"Similarity Score of house and houses\",cosine_similarity(word_embeddings['house'].reshape(1, -1), word_embeddings['houses'].reshape(1,-1))[0][0])\n",
    "print(\"Similarity Score of house and home\",cosine_similarity(word_embeddings['house'].reshape(1, -1), word_embeddings['home'].reshape(1,-1))[0][0])\n",
    "print(\"Similarity Score of house and shirt\",cosine_similarity(word_embeddings['house'].reshape(1, -1), word_embeddings['shirt'].reshape(1,-1))[0][0])\n"
   ]
  },
  {
   "cell_type": "code",
   "execution_count": 56,
   "metadata": {},
   "outputs": [
    {
     "name": "stdout",
     "output_type": "stream",
     "text": [
      "Similarity Score of house and house 1.0\n",
      "Similarity Score of house and houses 0.6888046\n",
      "Similarity Score of house and home 0.67203104\n",
      "Similarity Score of house and shirt 0.27035105\n"
     ]
    }
   ],
   "source": [
    "#results for glove.6B.100d.txt \n",
    "\n",
    "print(\"Similarity Score of house and house\", cosine_similarity(word_embeddings['house'].reshape(1, -1), word_embeddings['house'].reshape(1,-1))[0][0])\n",
    "print(\"Similarity Score of house and houses\",cosine_similarity(word_embeddings['house'].reshape(1, -1), word_embeddings['houses'].reshape(1,-1))[0][0])\n",
    "print(\"Similarity Score of house and home\",cosine_similarity(word_embeddings['house'].reshape(1, -1), word_embeddings['home'].reshape(1,-1))[0][0])\n",
    "print(\"Similarity Score of house and shirt\",cosine_similarity(word_embeddings['house'].reshape(1, -1), word_embeddings['shirt'].reshape(1,-1))[0][0])\n"
   ]
  },
  {
   "cell_type": "code",
   "execution_count": 58,
   "metadata": {
    "scrolled": true
   },
   "outputs": [
    {
     "name": "stdout",
     "output_type": "stream",
     "text": [
      "Similarity Score of house and house 1.0\n",
      "Similarity Score of house and houses 0.679559\n",
      "Similarity Score of house and home 0.57639885\n",
      "Similarity Score of house and shirt 0.18106985\n"
     ]
    }
   ],
   "source": [
    "#results for glove.6B.200d.txt \n",
    "\n",
    "print(\"Similarity Score of house and house\", cosine_similarity(word_embeddings['house'].reshape(1, -1), word_embeddings['house'].reshape(1,-1))[0][0])\n",
    "print(\"Similarity Score of house and houses\",cosine_similarity(word_embeddings['house'].reshape(1, -1), word_embeddings['houses'].reshape(1,-1))[0][0])\n",
    "print(\"Similarity Score of house and home\",cosine_similarity(word_embeddings['house'].reshape(1, -1), word_embeddings['home'].reshape(1,-1))[0][0])\n",
    "print(\"Similarity Score of house and shirt\",cosine_similarity(word_embeddings['house'].reshape(1, -1), word_embeddings['shirt'].reshape(1,-1))[0][0])\n"
   ]
  },
  {
   "cell_type": "code",
   "execution_count": null,
   "metadata": {},
   "outputs": [],
   "source": [
    "#results for glove.6B.300d.txt \n",
    "\n",
    "print(\"Similarity Score of house and house\", cosine_similarity(word_embeddings['house'].reshape(1, -1), word_embeddings['house'].reshape(1,-1))[0][0])\n",
    "print(\"Similarity Score of house and houses\",cosine_similarity(word_embeddings['house'].reshape(1, -1), word_embeddings['houses'].reshape(1,-1))[0][0])\n",
    "print(\"Similarity Score of house and home\",cosine_similarity(word_embeddings['house'].reshape(1, -1), word_embeddings['home'].reshape(1,-1))[0][0])\n",
    "print(\"Similarity Score of house and shirt\",cosine_similarity(word_embeddings['house'].reshape(1, -1), word_embeddings['shirt'].reshape(1,-1))[0][0])\n"
   ]
  },
  {
   "cell_type": "markdown",
   "metadata": {},
   "source": [
    "#### The results were consistent, even though they vary in magnitude. This difference is explained because the vectors were trained on datasets with different sizes. The smaller the training set the 'closer' the words are. Therefore they seem more similar in the first example - Glove 50d. \n",
    "#### Since my goal is to create a model that can analyze any kind of article (general purpose) I'll chose the the larger file."
   ]
  },
  {
   "cell_type": "code",
   "execution_count": 61,
   "metadata": {},
   "outputs": [
    {
     "data": {
      "text/plain": [
       "400000"
      ]
     },
     "execution_count": 61,
     "metadata": {},
     "output_type": "execute_result"
    }
   ],
   "source": [
    "# 400,000 word vectors\n",
    "len(word_embeddings)"
   ]
  },
  {
   "cell_type": "code",
   "execution_count": 63,
   "metadata": {},
   "outputs": [
    {
     "data": {
      "text/plain": [
       "300"
      ]
     },
     "execution_count": 63,
     "metadata": {},
     "output_type": "execute_result"
    }
   ],
   "source": [
    "#Check Vector size\n",
    "len(word_embeddings.get('house'))"
   ]
  },
  {
   "cell_type": "code",
   "execution_count": 71,
   "metadata": {},
   "outputs": [
    {
     "name": "stdout",
     "output_type": "stream",
     "text": [
      "28\n"
     ]
    }
   ],
   "source": [
    "#Create sentence vectors\n",
    "#I'll take the average of the sum of word vectors for each sentence. \n",
    "\n",
    "sentence_vectors = []\n",
    "for i in clean_sentences:\n",
    "  if len(i) != 0:\n",
    "    v = sum([word_embeddings.get(w, np.zeros((300,))) for w in i.split()])/(len(i.split()))\n",
    "  else:\n",
    "    v = np.zeros((300,))\n",
    "  sentence_vectors.append(v)\n",
    "\n",
    "print(len(sentence_vectors))"
   ]
  },
  {
   "cell_type": "code",
   "execution_count": 67,
   "metadata": {},
   "outputs": [
    {
     "name": "stdout",
     "output_type": "stream",
     "text": [
      "[[1.         0.68768569 0.62776    0.62422161 0.59028858 0.60110309\n",
      "  0.63343191 0.74756129 0.52966643 0.56951462 0.60745038 0.69910133\n",
      "  0.47546911 0.64431482 0.63536772 0.58804336 0.44276364 0.63281111\n",
      "  0.61615565 0.50636929 0.63763863 0.53929985 0.57011798 0.496858\n",
      "  0.57833033 0.68745517 0.73482022 0.        ]\n",
      " [0.68768569 1.         0.62170469 0.52355769 0.47029902 0.47503932\n",
      "  0.44289666 0.64316516 0.40170339 0.53892873 0.56242807 0.63158352\n",
      "  0.51062771 0.55974594 0.54884463 0.6144194  0.25451987 0.49955112\n",
      "  0.54569503 0.41994848 0.56525394 0.39481109 0.46375258 0.34054694\n",
      "  0.4335376  0.5397995  0.57747126 0.        ]\n",
      " [0.62776    0.62170469 1.         0.61216015 0.33373144 0.4957552\n",
      "  0.40595361 0.48318706 0.29516263 0.35741202 0.54932865 0.53421922\n",
      "  0.44852454 0.44119855 0.39344422 0.46671616 0.23091486 0.40750797\n",
      "  0.58648732 0.29360082 0.48354852 0.36979415 0.31126942 0.3242864\n",
      "  0.4040495  0.49360827 0.49362153 0.        ]\n",
      " [0.62422161 0.52355769 0.61216015 1.         0.47595986 0.59072083\n",
      "  0.53976457 0.55771111 0.50545853 0.44704339 0.59060625 0.57315858\n",
      "  0.36255644 0.42189499 0.51575829 0.5805309  0.36379368 0.56530077\n",
      "  0.59625114 0.48924172 0.51923679 0.5617517  0.50523737 0.44839542\n",
      "  0.57543792 0.60117222 0.62006952 0.        ]\n",
      " [0.59028858 0.47029902 0.33373144 0.47595986 1.         0.45008872\n",
      "  0.73250019 0.53891646 0.50550899 0.41428702 0.43460636 0.49321443\n",
      "  0.3386335  0.44818142 0.41506933 0.34161443 0.49175753 0.58110102\n",
      "  0.51215975 0.49402342 0.58256206 0.46063765 0.45838136 0.454563\n",
      "  0.53027303 0.66019105 0.69005365 0.        ]\n",
      " [0.60110309 0.47503932 0.4957552  0.59072083 0.45008872 1.\n",
      "  0.5026611  0.61700448 0.63141808 0.50255658 0.58631141 0.61256311\n",
      "  0.27349379 0.43738388 0.50254915 0.55207027 0.33439881 0.52429713\n",
      "  0.67058582 0.58053281 0.46643585 0.66173263 0.45921647 0.49827649\n",
      "  0.64327989 0.59507312 0.62114013 0.        ]\n",
      " [0.63343191 0.44289666 0.40595361 0.53976457 0.73250019 0.5026611\n",
      "  1.         0.62291765 0.55308809 0.44743391 0.59968849 0.56854595\n",
      "  0.37786748 0.48426316 0.49215712 0.3703011  0.52131252 0.7061127\n",
      "  0.54924425 0.55268695 0.60391599 0.51503662 0.55901045 0.58135479\n",
      "  0.63894141 0.70091006 0.74482489 0.        ]\n",
      " [0.74756129 0.64316516 0.48318706 0.55771111 0.53891646 0.61700448\n",
      "  0.62291765 1.         0.655613   0.64837731 0.65209729 0.76369784\n",
      "  0.45334779 0.56951482 0.64932419 0.58864109 0.40552904 0.62925304\n",
      "  0.60737501 0.57961481 0.55655022 0.6428065  0.68228101 0.54764411\n",
      "  0.65127843 0.74862957 0.75121696 0.        ]\n",
      " [0.52966643 0.40170339 0.29516263 0.50545853 0.50550899 0.63141808\n",
      "  0.55308809 0.655613   1.         0.60218389 0.63707784 0.66966619\n",
      "  0.28191211 0.45680606 0.53629952 0.48962494 0.4687955  0.63126673\n",
      "  0.53415079 0.6244566  0.52009472 0.71785043 0.6821303  0.62000651\n",
      "  0.67489482 0.70187929 0.65533534 0.        ]\n",
      " [0.56951462 0.53892873 0.35741202 0.44704339 0.41428702 0.50255658\n",
      "  0.44743391 0.64837731 0.60218389 1.         0.65660431 0.72682743\n",
      "  0.35275992 0.49674086 0.5281324  0.62774176 0.31095191 0.59534943\n",
      "  0.43599926 0.59037766 0.47399762 0.57773206 0.65771326 0.49263017\n",
      "  0.56837038 0.62949411 0.56806962 0.        ]\n",
      " [0.60745038 0.56242807 0.54932865 0.59060625 0.43460636 0.58631141\n",
      "  0.59968849 0.65209729 0.63707784 0.65660431 1.         0.74911161\n",
      "  0.3879164  0.47690357 0.58939832 0.68161355 0.40176825 0.6410037\n",
      "  0.53651516 0.5448759  0.52864251 0.63856821 0.61085423 0.53596451\n",
      "  0.61550109 0.68110321 0.59603678 0.        ]\n",
      " [0.69910133 0.63158352 0.53421922 0.57315858 0.49321443 0.61256311\n",
      "  0.56854595 0.76369784 0.66966619 0.72682743 0.74911161 1.\n",
      "  0.50940291 0.57407241 0.57858693 0.63008036 0.32644756 0.64653087\n",
      "  0.56751297 0.55451995 0.63732655 0.6113433  0.7129872  0.54453059\n",
      "  0.64287343 0.70767801 0.67631798 0.        ]\n",
      " [0.47546911 0.51062771 0.44852454 0.36255644 0.3386335  0.27349379\n",
      "  0.37786748 0.45334779 0.28191211 0.35275992 0.3879164  0.50940291\n",
      "  1.         0.37271769 0.36044165 0.25775868 0.27950514 0.43566515\n",
      "  0.41211114 0.22674677 0.42623511 0.23352754 0.37624498 0.20732261\n",
      "  0.30902609 0.46850638 0.47170296 0.        ]\n",
      " [0.64431482 0.55974594 0.44119855 0.42189499 0.44818142 0.43738388\n",
      "  0.48426316 0.56951482 0.45680606 0.49674086 0.47690357 0.57407241\n",
      "  0.37271769 1.         0.54246662 0.48538252 0.32707682 0.55437053\n",
      "  0.52094147 0.44435988 0.57487478 0.44131808 0.55729376 0.46529022\n",
      "  0.52410812 0.51539812 0.64868428 0.        ]\n",
      " [0.63536772 0.54884463 0.39344422 0.51575829 0.41506933 0.50254915\n",
      "  0.49215712 0.64932419 0.53629952 0.5281324  0.58939832 0.57858693\n",
      "  0.36044165 0.54246662 1.         0.56746905 0.37303649 0.52113398\n",
      "  0.47719023 0.50157202 0.5267421  0.56618376 0.58037176 0.50036167\n",
      "  0.5319678  0.59447378 0.59313275 0.        ]\n",
      " [0.58804336 0.6144194  0.46671616 0.5805309  0.34161443 0.55207027\n",
      "  0.3703011  0.58864109 0.48962494 0.62774176 0.68161355 0.63008036\n",
      "  0.25775868 0.48538252 0.56746905 1.         0.31003196 0.4921102\n",
      "  0.52387017 0.57989286 0.49702807 0.60370273 0.56422217 0.44534909\n",
      "  0.52476408 0.55976829 0.53951077 0.        ]\n",
      " [0.44276364 0.25451987 0.23091486 0.36379368 0.49175753 0.33439881\n",
      "  0.52131252 0.40552904 0.4687955  0.31095191 0.40176825 0.32644756\n",
      "  0.27950514 0.32707682 0.37303649 0.31003196 1.         0.53568997\n",
      "  0.44525809 0.42470837 0.35422022 0.45087736 0.35545603 0.44555429\n",
      "  0.38509266 0.54374967 0.47002419 0.        ]\n",
      " [0.63281111 0.49955112 0.40750797 0.56530077 0.58110102 0.52429713\n",
      "  0.7061127  0.62925304 0.63126673 0.59534943 0.6410037  0.64653087\n",
      "  0.43566515 0.55437053 0.52113398 0.4921102  0.53568997 1.\n",
      "  0.5555573  0.60987969 0.57606363 0.54000604 0.68395151 0.63603398\n",
      "  0.67761406 0.698471   0.72823619 0.        ]\n",
      " [0.61615565 0.54569503 0.58648732 0.59625114 0.51215975 0.67058582\n",
      "  0.54924425 0.60737501 0.53415079 0.43599926 0.53651516 0.56751297\n",
      "  0.41211114 0.52094147 0.47719023 0.52387017 0.44525809 0.5555573\n",
      "  1.         0.68242832 0.57588326 0.60686823 0.44749208 0.5628699\n",
      "  0.62094111 0.67006681 0.67128594 0.        ]\n",
      " [0.50636929 0.41994848 0.29360082 0.48924172 0.49402342 0.58053281\n",
      "  0.55268695 0.57961481 0.6244566  0.59037766 0.5448759  0.55451995\n",
      "  0.22674677 0.44435988 0.50157202 0.57989286 0.42470837 0.60987969\n",
      "  0.68242832 1.         0.49336668 0.63555121 0.62341347 0.66326218\n",
      "  0.68109207 0.66609792 0.6275721  0.        ]\n",
      " [0.63763863 0.56525394 0.48354852 0.51923679 0.58256206 0.46643585\n",
      "  0.60391599 0.55655022 0.52009472 0.47399762 0.52864251 0.63732655\n",
      "  0.42623511 0.57487478 0.5267421  0.49702807 0.35422022 0.57606363\n",
      "  0.57588326 0.49336668 1.         0.51653343 0.54385543 0.55503021\n",
      "  0.67161381 0.67596062 0.73946978 0.        ]\n",
      " [0.53929985 0.39481109 0.36979415 0.5617517  0.46063765 0.66173263\n",
      "  0.51503662 0.6428065  0.71785043 0.57773206 0.63856821 0.6113433\n",
      "  0.23352754 0.44131808 0.56618376 0.60370273 0.45087736 0.54000604\n",
      "  0.60686823 0.63555121 0.51653343 1.         0.59359399 0.70190389\n",
      "  0.65811954 0.71646885 0.65465962 0.        ]\n",
      " [0.57011798 0.46375258 0.31126942 0.50523737 0.45838136 0.45921647\n",
      "  0.55901045 0.68228101 0.6821303  0.65771326 0.61085423 0.7129872\n",
      "  0.37624498 0.55729376 0.58037176 0.56422217 0.35545603 0.68395151\n",
      "  0.44749208 0.62341347 0.54385543 0.59359399 1.         0.60205477\n",
      "  0.67146785 0.62744342 0.68130939 0.        ]\n",
      " [0.496858   0.34054694 0.3242864  0.44839542 0.454563   0.49827649\n",
      "  0.58135479 0.54764411 0.62000651 0.49263017 0.53596451 0.54453059\n",
      "  0.20732261 0.46529022 0.50036167 0.44534909 0.44555429 0.63603398\n",
      "  0.5628699  0.66326218 0.55503021 0.70190389 0.60205477 1.\n",
      "  0.69033069 0.73055556 0.63646177 0.        ]\n",
      " [0.57833033 0.4335376  0.4040495  0.57543792 0.53027303 0.64327989\n",
      "  0.63894141 0.65127843 0.67489482 0.56837038 0.61550109 0.64287343\n",
      "  0.30902609 0.52410812 0.5319678  0.52476408 0.38509266 0.67761406\n",
      "  0.62094111 0.68109207 0.67161381 0.65811954 0.67146785 0.69033069\n",
      "  1.         0.73579349 0.77414161 0.        ]\n",
      " [0.68745517 0.5397995  0.49360827 0.60117222 0.66019105 0.59507312\n",
      "  0.70091006 0.74862957 0.70187929 0.62949411 0.68110321 0.70767801\n",
      "  0.46850638 0.51539812 0.59447378 0.55976829 0.54374967 0.698471\n",
      "  0.67006681 0.66609792 0.67596062 0.71646885 0.62744342 0.73055556\n",
      "  0.73579349 1.         0.77028777 0.        ]\n",
      " [0.73482022 0.57747126 0.49362153 0.62006952 0.69005365 0.62114013\n",
      "  0.74482489 0.75121696 0.65533534 0.56806962 0.59603678 0.67631798\n",
      "  0.47170296 0.64868428 0.59313275 0.53951077 0.47002419 0.72823619\n",
      "  0.67128594 0.6275721  0.73946978 0.65465962 0.68130939 0.63646177\n",
      "  0.77414161 0.77028777 1.         0.        ]\n",
      " [0.         0.         0.         0.         0.         0.\n",
      "  0.         0.         0.         0.         0.         0.\n",
      "  0.         0.         0.         0.         0.         0.\n",
      "  0.         0.         0.         0.         0.         0.\n",
      "  0.         0.         0.         0.        ]]\n"
     ]
    }
   ],
   "source": [
    "#Import cosine similarity to calculate how strong is the relationship between each sentence\n",
    "from sklearn.metrics.pairwise import cosine_similarity\n",
    "from scipy import sparse\n",
    "\n",
    "sim_matrix = sparse.csr_matrix(sentence_vectors)\n",
    "\n",
    "similarities = cosine_similarity(sim_matrix)\n",
    "print(similarities)"
   ]
  },
  {
